0.0045	-0.0914214288870726	0.0045	-0.693365855329808	0.0045	-1.29539695045519	0.0045	-1.89758148760975	0.0045	-2.49963967240335	
0.0135	-0.0926521414848135	0.0135	-0.693673957548548	0.0135	-1.29547400256715	0.0135	-1.89760075682516	0.0135	-2.49964448981101	
0.0225	-0.0951027701938697	0.0225	-0.694289483058717	0.0225	-1.29562806429291	0.0225	-1.89763929259861	0.0225	-2.49965412446024	
0.0315	-0.0987520215977437	0.0315	-0.695211078761205	0.0315	-1.29585905071069	0.0315	-1.89769708961656	0.0315	-2.49966857601885	
0.0405	-0.103568687804776	0.0405	-0.696436726828898	0.0405	-1.29616683462413	0.0405	-1.89777413991158	0.0405	-2.4996878439886	
0.0495	-0.109512480025461	0.0495	-0.697963758705923	0.0495	-1.29655124678492	0.0495	-1.8978704328659	0.0495	-2.49971192770529	
0.0585	-0.116535069244429	0.0585	-0.699788873466989	0.0585	-1.29701207618869	0.0585	-1.89798595521603	0.0585	-2.49974082633876	
0.0675	-0.124581281518137	0.0675	-0.701908160283534	0.0675	-1.29754907044266	0.0675	-1.89812069105858	0.0675	-2.49977453889305	
0.0765	-0.133590391257628	0.0765	-0.704317124691275	0.0765	-1.29816193620413	0.0765	-1.89827462185724	0.0765	-2.49981306420647	
0.0855	-0.143497455911827	0.0855	-0.707010718308492	0.0855	-1.29885033968805	0.0855	-1.89844772645089	0.0855	-2.49985640095175	
0.0945	-0.154234639269598	0.0945	-0.709983371616888	0.0945	-1.29961390724199	0.0945	-1.89863998106282	0.0945	-2.49990454763616	
0.1035	-0.165732477347055	0.1035	-0.713229029387633	0.1035	-1.30045222598651	0.1035	-1.89885135931114	0.1035	-2.4999575026017	
0.1125	-0.17792104954588	0.1125	-0.716741188314594	0.1125	-1.30136484451872	0.1125	-1.89908183222026	0.1125	-2.50001526402526	
0.1215	-0.190731027456882	0.1215	-0.720512936404883	0.1215	-1.30235127367665	0.1215	-1.8993313682335	0.1215	-2.50007782991885	
0.1305	-0.204094583431727	0.1305	-0.724536993673432	0.1305	-1.30341098736181	0.1305	-1.89959993322682	0.1305	-2.50014519812977	
0.1395	-0.217946150121439	0.1395	-0.72880575369301	0.1395	-1.30454342341727	0.1395	-1.89988749052359	0.1395	-2.50021736634089	
0.1485	-0.232223030065197	0.1485	-0.733311325563293	0.1485	-1.30574798455824	0.1485	-1.90019400091047	0.1485	-2.50029433207088	
0.1575	-0.246865860808919	0.1575	-0.738045575881551	0.1575	-1.30702403935214	0.1575	-1.90051942265435	0.1575	-2.50037609267449	
0.1665	-0.261818945836618	0.1665	-0.743000170322266	0.1665	-1.30837092324513	0.1665	-1.90086371152032	0.1665	-2.50046264534284	
0.1755	-0.277030464859683	0.1755	-0.748166614462679	0.1755	-1.30978793963153	0.1755	-1.90122682079068	0.1755	-2.50055398710373	
0.1845	-0.292452578888881	0.1845	-0.75353629352476	0.1845	-1.31127436096311	0.1845	-1.90160870128497	0.1845	-2.50065011482193	
0.1935	-0.308041446232893	0.1935	-0.75910051074048	0.1935	-1.31282942989449	0.1935	-1.90200930138096	0.1935	-2.50075102519958	
0.2025	-0.323757165372947	0.2025	-0.764850524085416	0.2025	-1.31445236046146	0.2025	-1.9024285670367	0.2025	-2.5008567147765	
0.2115	-0.339563659799129	0.2115	-0.770777581164847	0.2115	-1.31614233928837	0.2115	-1.90286644181344	0.2115	-2.50096717993061	
0.2205	-0.3554285185817	0.2205	-0.776872952075551	0.2205	-1.3178985268214	0.2205	-1.90332286689953	0.2205	-2.50108241687826	
0.2295	-0.371322804877677	0.2295	-0.783127960104888	0.2295	-1.3197200585838	0.2295	-1.90379778113527	0.2295	-2.50120242167472	
0.2385	-0.387220842889533	0.2385	-0.789534010165599	0.2385	-1.32160604644983	0.2385	-1.90429112103859	0.2385	-2.50132719021456	
0.2475	-0.403099992112048	0.2475	-0.796082614899708	0.2475	-1.32355557993372	0.2475	-1.9048028208317	0.2475	-2.50145671823209	
0.2565	-0.418940416105008	0.2565	-0.802765418417287	0.2565	-1.32556772749025	0.2565	-1.90533281246846	0.2565	-2.50159100130185	
0.2655	-0.434724851564827	0.2655	-0.809574217665568	0.2655	-1.3276415378235	0.2655	-1.90588102566278	0.2655	-2.50173003483907	
0.2745	-0.450438382166143	0.2745	-0.816500981450475	0.2745	-1.32977604120044	0.2745	-1.90644738791761	0.2745	-2.50187381410019	
0.2835	-0.466068220516226	0.2835	-0.823537867156166	0.2835	-1.33197025076602	0.2835	-1.90703182455489	0.2835	-2.50202233418334	
0.2925	-0.481603500609916	0.2925	-0.830677235228477	0.2925	-1.33422316385673	0.2925	-1.90763425874617	0.2925	-2.5021755900289	
0.3015	-0.497035082381348	0.3015	-0.837911661505248	0.3015	-1.33653376330936	0.3015	-1.908254611544	0.3015	-2.50233357642	
0.3105	-0.512355369306652	0.3105	-0.845233947490619	0.3105	-1.33890101876218	0.3105	-1.90889280191401	0.3105	-2.50249628798314	
0.3195	-0.52755813950207	0.3195	-0.852637128681503	0.3195	-1.34132388794552	0.3195	-1.90954874676771	0.3195	-2.50266371918874	
0.3285	-0.542638390366752	0.3285	-0.860114481062824	0.3285	-1.34380131795923	0.3285	-1.9102223609959	0.3285	-2.50283586435172	
0.3375	-0.557592196521255	0.3375	-0.867659525894048	0.3375	-1.34633224653424	0.3375	-1.9109135575028	0.3375	-2.50301271763214	
0.3465	-0.572416580575238	0.3465	-0.875266032913085	0.3465	-1.34891560327599	0.3465	-1.91162224724064	0.3465	-2.50319427303581	
0.3555	-0.587109396106145	0.3555	-0.882928022085263	0.3555	-1.35155031088719	0.3555	-1.91234833924502	0.3555	-2.5033805244149	
0.3645	-0.601669222131805	0.3645	-0.890639764024845	0.3645	-1.35423528636806	0.3645	-1.91309174067065	0.3645	-2.50357146546868	
0.3735	-0.616095268302725	0.3735	-0.898395779214836	0.3735	-1.35696944219177	0.3735	-1.91385235682774	0.3735	-2.5037670897441	
0.3825	-0.630387290014803	0.3825	-0.906190836147782	0.3825	-1.35975168745343	0.3825	-1.91463009121879	0.3825	-2.50396739063654	
0.3915	-0.644545512642559	0.3915	-0.914019948506177	0.3915	-1.36258092899087	0.3915	-1.91542484557595	0.3915	-2.50417236139049	
0.4005	-0.658570564110178	0.4005	-0.921878371496134	0.4005	-1.3654560724757	0.4005	-1.91623651989874	0.4005	-2.50438199510025	
0.4095	-0.672463415047659	0.4095	-0.929761597442352	0.4095	-1.36837602347325	0.4095	-1.91706501249222	0.4095	-2.50459628471072	
0.4185	-0.686225325817857	0.4185	-0.937665350746314	0.4185	-1.3713396884702	0.4185	-1.91791022000557	0.4185	-2.50481522301806	
0.4275	-0.699857799744212	0.4275	-0.945585582303193	0.4275	-1.3743459758687	0.4275	-1.91877203747096	0.4275	-2.50503880267054	
0.4365	-0.713362541915725	0.4365	-0.953518463466345	0.4365	-1.3773937969463	0.4365	-1.91965035834284	0.4365	-2.50526701616925	
0.4455	-0.72674142299366	0.4455	-0.961460379641512	0.4455	-1.38048206678058	0.4455	-1.92054507453749	0.4455	-2.50549985586893	
0.4545	-0.73999644749192	0.4545	-0.969407923586212	0.4545	-1.38360970513811	0.4545	-1.9214560764728	0.4545	-2.50573731397875	
0.4635	-0.753129726049235	0.4635	-0.977357888483189	0.4635	-1.38677563732701	0.4635	-1.9223832531084	0.4635	-2.50597938256315	
0.4725	-0.766143451255388	0.4725	-0.9853072608504	0.4725	-1.38997879501291	0.4725	-1.92332649198595	0.4725	-2.50622605354263	
0.4815	-0.779039876635415	0.4815	-0.993253213343858	0.4815	-1.39321811699785	0.4815	-1.9242856792696	0.4815	-2.50647731869467	
0.4905	-0.79182129843456	0.4905	-1.00119309750372	0.4905	-1.3964925499622	0.4905	-1.9252606997867	0.4905	-2.50673316965449	
0.4995	-0.804490039882885	0.4995	-1.00912443648848	0.4995	-1.39980104916933	0.4995	-1.92625143706855	0.4995	-2.506993597916	
0.5085	-0.817048437651549	0.5085	-1.01704491783674	0.5085	-1.40314257913331	0.5085	-1.92725777339135	0.5085	-2.50725859483265	
0.5175	-0.829498830243163	0.5175	-1.02495238629132	0.5175	-1.40651611424972	0.5175	-1.92827958981722	0.5175	-2.50752815161834	
0.5265	-0.8418435480862	0.5265	-1.03284483671558	0.5265	-1.40992063938983	0.5265	-1.92931676623521	0.5265	-2.50780225934832	
0.5355	-0.854084905128526	0.5355	-1.04072040712797	0.5355	-1.41335515045854	0.5355	-1.93036918140247	0.5355	-2.5080809089601	
0.5445	-0.866225191747683	0.5445	-1.04857737187655	0.5445	-1.4168186549166	0.5445	-1.93143671298531	0.5445	-2.50836409125441	
0.5535	-0.87826666881594	0.5535	-1.056414134972	0.5535	-1.42031017226743	0.5535	-1.93251923760033	0.5535	-2.50865179689614	
0.5625	-0.890211562776406	0.5625	-1.06422922359412	0.5625	-1.42382873450936	0.5625	-1.93361663085549	0.5625	-2.50894401641528	
0.5715	-0.902062061602869	0.5715	-1.07202128178421	0.5715	-1.42737338655378	0.5715	-1.93472876739108	0.5715	-2.5092407402079	
0.5805	-0.913820311530663	0.5805	-1.07978906433277	0.5805	-1.43094318661	0.5805	-1.93585552092067	0.5805	-2.50954195853715	
0.5895	-0.925488414458939	0.5895	-1.08753143086971	0.5895	-1.43453720653753	0.5895	-1.93699676427191	0.5895	-2.50984766153422	
0.5985	-0.937068425936351	0.5985	-1.09524734016245	0.5985	-1.43815453216661	0.5985	-1.93815236942719	0.5985	-2.51015783919935	
0.6075	-0.948562353652523	0.6075	-1.10293584462488	0.6075	-1.44179426358788	0.6075	-1.93932220756416	0.6075	-2.51047248140287	
0.6165	-0.959972156366851	0.6165	-1.11059608503903	0.6165	-1.445455515412	0.6165	-1.94050614909612	0.6165	-2.51079157788619	
0.6255	-0.971299743214409	0.6255	-1.11822728548959	0.6255	-1.44913741700016	0.6255	-1.94170406371212	0.6255	-2.51111511826286	
0.6345	-0.982546973335896	0.6345	-1.12582874851028	0.6345	-1.45283911266648	0.6345	-1.94291582041692	0.6345	-2.51144309201959	
0.6435	-0.993715655785057	0.6435	-1.13339985043998	0.6435	-1.45655976185321	0.6435	-1.94414128757069	0.6435	-2.51177548851735	
0.6525	-1.00480754967263	0.6525	-1.14094003698568	0.6525	-1.46029853927963	0.6525	-1.94538033292841	0.6525	-2.51211229699238	
0.6615	-1.01582436451094	0.6615	-1.14844881898834	0.6615	-1.46405463506585	0.6615	-1.94663282367911	0.6615	-2.5124535065573	
0.6705	-1.02676776072763	0.6705	-1.15592576838751	0.6705	-1.46782725483227	0.6705	-1.94789862648464	0.6705	-2.51279910620218	
0.6795	-1.03763935032111	0.6795	-1.16337051437955	0.6795	-1.47161561977583	0.6795	-1.94917760751831	0.6795	-2.51314908479563	
0.6885	-1.04844069763351	0.6885	-1.17078273976425	0.6885	-1.47541896672408	0.6885	-1.95046963250307	0.6885	-2.51350343108593	
0.6975	-1.05917332022023	0.6975	-1.17816217747415	0.6975	-1.47923654816795	0.6975	-1.95177456674941	0.6975	-2.51386213370211	
0.7065	-1.06983868979773	0.7065	-1.18550860728062	0.7065	-1.48306763227433	0.7065	-1.95309227519287	0.7065	-2.51422518115507	
0.7155	-1.08043823325366	0.7155	-1.19282185267061	0.7155	-1.48691150287933	0.7155	-1.95442262243115	0.7155	-2.51459256183872	
0.7245	-1.09097333370537	0.7245	-1.20010177788778	0.7245	-1.49076745946337	0.7245	-1.95576547276093	0.7245	-2.51496426403113	
0.7335	-1.101445331595	0.7335	-1.2073482851319	0.7335	-1.49463481710879	0.7335	-1.95712069021411	0.7335	-2.51534027589564	
0.7425	-1.11185552581059	0.7425	-1.21456131191002	0.7425	-1.49851290644125	0.7425	-1.95848813859382	0.7425	-2.51572058548202	
0.751500000000001	-1.1222051748243	0.751500000000001	-1.2217408285332	0.751500000000001	-1.50240107355553	0.751500000000001	-1.95986768150982	0.751500000000001	-2.51610518072765	
0.760500000000001	-1.13249549784014	0.760500000000001	-1.22888683575272	0.760500000000001	-1.50629867992692	0.760500000000001	-1.96125918241359	0.760500000000001	-2.51649404945868	
0.769500000000001	-1.14272767594449	0.769500000000001	-1.23599936252932	0.769500000000001	-1.51020510230888	0.769500000000001	-1.96266250463289	0.769500000000001	-2.51688717939117	
0.778500000000001	-1.15290285325385	0.778500000000001	-1.24307846392979	0.778500000000001	-1.51411973261792	0.778500000000001	-1.96407751140584	0.778500000000001	-2.51728455813232	
0.787500000000001	-1.16302213805503	0.787500000000001	-1.25012421914477	0.787500000000001	-1.51804197780661	0.787500000000001	-1.96550406591458	0.787500000000001	-2.51768617318163	
0.796500000000001	-1.17308660393376	0.796500000000001	-1.25713672962213	0.796500000000001	-1.52197125972538	0.796500000000001	-1.96694203131836	0.796500000000001	-2.51809201193207	
0.805500000000001	-1.18309729088823	0.805500000000001	-1.26411611731028	0.805500000000001	-1.52590701497405	0.805500000000001	-1.96839127078623	0.805500000000001	-2.51850206167134	
0.814500000000001	-1.19305520642499	0.814500000000001	-1.27106252300607	0.814500000000001	-1.52984869474382	0.814500000000001	-1.9698516475291	0.814500000000001	-2.518916309583	
0.823500000000001	-1.20296132663454	0.823500000000001	-1.27797610480195	0.823500000000001	-1.53379576465045	0.823500000000001	-1.97132302483136	0.823500000000001	-2.51933474274776	
0.832500000000001	-1.21281659724506	0.832500000000001	-1.28485703662737	0.832500000000001	-1.53774770455936	0.832500000000001	-1.97280526608198	0.832500000000001	-2.51975734814462	
0.841500000000001	-1.22262193465257	0.841500000000001	-1.29170550687955	0.841500000000001	-1.5417040084033	0.841500000000001	-1.974298234805	0.841500000000001	-2.52018411265215	
0.850500000000001	-1.23237822692637	0.850500000000001	-1.29852171713899	0.850500000000001	-1.54566418399338	0.850500000000001	-1.9758017946896	0.850500000000001	-2.52061502304969	
0.859500000000001	-1.24208633478899	0.859500000000001	-1.30530588096509	0.859500000000001	-1.54962775282396	0.859500000000001	-1.9773158096195	0.859500000000001	-2.52105006601857	
0.868500000000001	-1.25174709256982	0.868500000000001	-1.31205822276767	0.868500000000001	-1.5535942498721	0.868500000000001	-1.97884014370186	0.868500000000001	-2.52148922814339	
0.877500000000001	-1.26136130913211	0.877500000000001	-1.31877897675033	0.877500000000001	-1.55756322339216	0.877500000000001	-1.98037466129568	0.877500000000001	-2.52193249591321	
0.886500000000001	-1.27092976877306	0.886500000000001	-1.32546838592149	0.886500000000001	-1.56153423470606	0.886500000000001	-1.98191922703952	0.886500000000001	-2.52237985572282	
0.895500000000001	-1.28045323209691	0.895500000000001	-1.33212670116961	0.895500000000001	-1.56550685798974	0.895500000000001	-1.98347370587876	0.895500000000001	-2.52283129387399	